Начальный массив: 
  32.0  81.0  52.0  25.0  51.0  65.0  19.0  45.0  86.0  64.0  90.0  12.0  88.0  19.0  51.0
  30.0  17.0   4.0  61.0  60.0  91.0  74.0  96.0  76.0  89.0  13.0  43.0  68.0  41.0  36.0
  92.0  77.0   3.0  43.0  18.0  23.0  19.0  53.0  75.0  42.0  71.0  23.0  28.0  16.0  22.0
  87.0  32.0  64.0  57.0  61.0   9.0  28.0  97.0  48.0  48.0  43.0  64.0  43.0  85.0  17.0
  57.0  31.0  97.0  91.0  76.0  52.0  34.0   9.0  11.0  82.0  11.0  58.0  65.0  20.0  67.0
  98.0  47.0  51.0   9.0  64.0  64.0  69.0  22.0  32.0  45.0  81.0  42.0  72.0  82.0  15.0
  27.0   9.0   4.0  56.0  70.0  85.0  30.0  73.0  66.0  54.0  63.0  78.0  64.0  74.0  40.0
  29.0  84.0   1.0  63.0  66.0   6.0  57.0  41.0  13.0  19.0  96.0  18.0  16.0  96.0  57.0
  94.0  93.0  49.0  38.0  80.0  70.0  68.0  36.0   5.0  42.0  86.0  27.0  38.0  36.0  18.0
  46.0  81.0  38.0  37.0  85.0  69.0  77.0  11.0  26.0  19.0  99.0  58.0  21.0  16.0  99.0
  91.0  81.0  18.0  40.0  12.0   5.0   1.0  49.0  26.0  89.0  17.0  68.0  68.0  35.0  73.0
   9.0  87.0  85.0  11.0  93.0  92.0  27.0  50.0  72.0  72.0  43.0  25.0  56.0   6.0  88.0
   3.0  34.0  79.0  19.0   9.0  66.0  65.0  71.0   6.0  11.0   9.0  21.0  64.0  66.0  66.0
   7.0  76.0  72.0  16.0  17.0  54.0  62.0  13.0  41.0   8.0  64.0  58.0  80.0  46.0   7.0
  62.0  57.0  60.0  27.0  37.0  91.0  62.0  49.0  84.0  96.0  50.0  82.0  87.0  22.0  15.0
Новый массив: 
  51.0  81.0  52.0  25.0  51.0  65.0  19.0  45.0  86.0  64.0  90.0  12.0  88.0  19.0  32.0
  30.0  41.0   4.0  61.0  60.0  91.0  74.0  96.0  76.0  89.0  13.0  43.0  68.0  17.0  36.0
  92.0  77.0  28.0  43.0  18.0  23.0  19.0  53.0  75.0  42.0  71.0  23.0   3.0  16.0  22.0
  87.0  32.0  64.0  64.0  61.0   9.0  28.0  97.0  48.0  48.0  43.0  57.0  43.0  85.0  17.0
  57.0  31.0  97.0  91.0  11.0  52.0  34.0   9.0  11.0  82.0  76.0  58.0  65.0  20.0  67.0
  98.0  47.0  51.0   9.0  64.0  45.0  69.0  22.0  32.0  64.0  81.0  42.0  72.0  82.0  15.0
  27.0   9.0   4.0  56.0  70.0  85.0  66.0  73.0  30.0  54.0  63.0  78.0  64.0  74.0  40.0
  29.0  84.0   1.0  63.0  66.0   6.0  57.0  41.0  13.0  19.0  96.0  18.0  16.0  96.0  57.0
  94.0  93.0  49.0  38.0  80.0  70.0   5.0  36.0  68.0  42.0  86.0  27.0  38.0  36.0  18.0
  46.0  81.0  38.0  37.0  85.0  19.0  77.0  11.0  26.0  69.0  99.0  58.0  21.0  16.0  99.0
  91.0  81.0  18.0  40.0  17.0   5.0   1.0  49.0  26.0  89.0  12.0  68.0  68.0  35.0  73.0
   9.0  87.0  85.0  25.0  93.0  92.0  27.0  50.0  72.0  72.0  43.0  11.0  56.0   6.0  88.0
   3.0  34.0  64.0  19.0   9.0  66.0  65.0  71.0   6.0  11.0   9.0  21.0  79.0  66.0  66.0
   7.0  46.0  72.0  16.0  17.0  54.0  62.0  13.0  41.0   8.0  64.0  58.0  80.0  76.0   7.0
  15.0  57.0  60.0  27.0  37.0  91.0  62.0  49.0  84.0  96.0  50.0  82.0  87.0  22.0  62.0
